bagging_fraction: 0.8068463186714607
bagging_freq: 10
feature_fraction: 0.6003683374830736
lambda_l1: 0.37850382240196856
lambda_l2: 5.5873103667949484e-06
max_depth: 9
min_child_samples: 38
num_leaves: 11
