'0': 9.505928727967635
'1': 10.50081194705079
bagging_fraction: 0.8036104885648617
bagging_freq: 2
feature_fraction: 0.6769824123698247
lambda_l1: 1.4442082728909233e-05
lambda_l2: 1.3752350907597097
max_depth: 5
min_child_samples: 61
num_leaves: 15
