bagging_fraction: 0.8462612247644394
bagging_freq: 1
feature_fraction: 0.47645733210236857
lambda_l1: 1.0570508475331433
lambda_l2: 1.0897731039221187e-07
max_depth: 5
min_child_samples: 205
num_leaves: 255
