bagging_fraction: 0.9321355953030429
bagging_freq: 7
feature_fraction: 0.6561099109843875
lambda_l1: 1.2290625811197182
lambda_l2: 1.095608251830577e-06
max_depth: 5
min_child_samples: 284
num_leaves: 101
