bagging_fraction: 0.9616724263357985
bagging_freq: 9
feature_fraction: 0.6899359204380023
lambda_l1: 0.0002684263123962437
lambda_l2: 0.0246922237583074
max_depth: 5
min_child_samples: 275
num_leaves: 138
